1000
6  46  112
717  210  643  438  557  623  863  789  1059
5  96  139
889  1426  342  796  519  523  825  963  718
1  62  100
594  805  494  773  602  648  845  986  405
1  42  110
654  1154  1033  561  743  596  378  874  401
1  36  146
258  1362  1024  448  462  370  274  919  1153
3  93  102
782  905  1221  750  599  392  323  852  451
6  40  105
849  927  1146  735  679  574  829  829  964
3  65  118
317  789  1014  768  489  495  430  844  167
2  46  108
759  551  1034  535  546  576  1306  801  1453
1  96  107
763  1355  1302  582  682  442  935  807  357
5  51  129
433  1485  351  732  486  411  1288  871  388
1  91  138
357  682  1176  643  687  373  724  847  238
4  83  120
783  1476  1149  578  469  635  606  822  1315
2  70  120
511  922  988  496  476  498  1473  994  653
1  92  111
346  319  1282  749  650  485  1403  891  852
2  67  146
608  325  989  583  686  453  1197  953  880
1  71  119
451  477  1178  404  568  401  1072  994  968
3  41  124
331  505  929  517  540  430  570  947  1498
3  55  117
821  724  966  403  658  607  923  997  1384
5  94  121
328  612  410  441  491  530  1366  988  783
5  40  112
221  537  1394  776  720  365  1116  941  1420
2  55  149
596  1271  1223  780  735  559  675  933  943
1  90  143
588  769  970  530  559  614  1141  983  1272
5  35  116
900  910  1302  505  687  609  1183  974  456
5  44  110
468  474  1004  560  460  647  949  864  1130
4  91  104
421  1400  1187  674  528  410  688  980  1440
3  63  136
579  741  591  503  450  417  979  903  1186
1  65  139
285  1468  886  589  722  492  1062  849  966
6  56  131
216  1016  823  433  663  474  1078  967  443
4  59  123
362  975  747  624  643  525  850  800  1251
6  92  126
416  550  1438  704  639  378  1250  879  416
1  35  130
364  1399  1279  499  579  493  463  920  577
6  91  128
383  484  487  735  536  580  762  843  1251
3  57  146
854  533  981  787  701  359  663  974  1083
5  92  130
586  976  894  702  506  633  896  856  382
3  91  150
225  1388  333  585  505  607  401  879  225
3  75  104
876  546  370  572  625  424  1492  981  1051
5  38  118
375  821  1062  609  583  534  1326  928  812
1  47  106
893  976  1306  591  588  591  1368  920  1166
5  95  124
716  767  1300  794  624  452  455  910  1180
2  81  110
615  554  538  471  484  416  315  919  243
4  94  136
382  928  1157  606  518  645  1212  904  943
6  60  130
632  1244  556  540  522  421  687  848  299
3  79  144
713  1461  874  621  717  533  1258  976  642
2  38  108
513  274  532  768  730  506  391  960  1500
4  41  105
592  1498  1436  622  630  400  419  877  924
2  83  132
630  815  1342  502  637  355  825  825  1175
3  60  132
568  871  625  412  504  553  1251  990  611
3  61  140
726  1419  1057  424  604  518  1036  974  901
1  40  125
502  525  604  716  728  361  1445  989  833
6  66  114
649  1095  472  507  532  574  911  854  402
3  51  100
785  282  337  703  739  571  448  833  585
4  61  145
662  1024  1121  620  481  420  1325  965  815
4  67  136
287  1466  735  610  574  511  1455  839  748
3  75  112
499  827  935  705  617  395  527  872  1453
2  37  129
411  219  367  639  559  524  1210  968  744
1  33  112
618  220  1231  658  484  499  851  819  523
4  84  106
269  849  640  418  559  414  559  889  1327
1  72  136
630  1470  525  656  493  586  383  973  774
4  53  129
485  981  1149  496  725  512  1094  987  596
2  72  109
786  327  580  590  481  588  960  796  599
4  80  146
747  590  1367  771  643  515  546  807  358
1  81  117
185  1024  1341  636  509  629  534  945  625
3  64  145
288  244  792  543  465  582  918  921  953
4  33  101
520  1357  451  523  463  370  1057  878  1110
6  43  110
541  985  675  789  619  556  1471  982  1295
3  70  145
495  535  1457  706  705  389  1272  923  216
5  61  123
584  1228  311  400  578  644  998  796  898
2  68  114
272  1205  733  598  465  557  1427  907  629
6  30  149
242  1458  486  538  573  562  473  956  135
3  47  109
608  1499  957  470  611  379  1179  971  441
1  74  117
779  1122  636  714  677  498  1263  794  306
6  63  136
334  1239  912  538  614  554  672  950  519
3  60  137
857  1495  1262  703  734  527  925  974  325
4  31  103
812  541  555  628  735  608  365  985  250
1  60  111
687  669  713  594  561  404  888  816  961
4  33  103
484  576  493  571  641  613  410  882  151
6  36  120
603  1231  853  490  505  390  698  942  1400
3  93  116
416  365  538  552  564  597  902  852  837
2  79  130
565  783  1206  527  613  488  359  961  915
2  96  121
876  996  509  755  665  558  1336  985  1094
4  91  135
745  1196  674  563  614  438  742  906  553
3  79  128
493  618  1383  588  720  394  710  875  1133
1  59  141
250  428  981  456  721  463  1336  837  1189
4  58  108
792  576  847  710  748  409  787  857  1075
2  60  150
392  479  1055  787  478  413  270  947  180
6  43  149
559  788  646  794  561  405  550  812  991
3  99  108
504  1480  412  581  500  428  537  838  1055
4  67  102
681  748  1297  570  456  606  958  876  1259
3  39  150
455  1020  1498  716  634  445  1243  934  1185
4  92  136
609  1270  1387  539  612  402  474  916  1059
4  31  118
251  461  971  655  467  518  927  886  1024
3  54  111
573  836  567  519  565  535  253  952  999
1  55  101
171  1075  1376  705  561  499  1245  796  694
1  46  127
812  1047  1261  435  724  546  1494  912  1116
3  61  123
377  868  1150  676  701  521  702  887  1405
6  35  128
413  545  559  782  533  593  934  809  1369
6  57  133
790  368  1098  613  688  581  754  916  1433
5  46  104
544  1431  349  615  585  589  585  951  1507
4  63  103
441  1147  339  631  687  466  1380  809  982
5  31  126
219  678  541  790  654  559  291  893  1470
3  41  145
814  1139  605  756  647  585  1406  993  1215
2  57  102
483  842  1483  666  627  485  947  842  269
2  80  127
728  423  1056  754  536  585  755  929  762
1  73  122
278  212  1148  790  692  537  822  972  1135
3  40  122
856  885  1096  471  711  556  396  998  579
3  91  115
772  282  344  420  495  576  491  948  692
6  64  146
563  353  856  775  517  437  1010  798  914
6  33  137
689  1463  974  737  544  357  1085  886  1435
6  70  108
213  213  800  664  532  489  1331  941  1008
4  89  135
614  877  1300  457  560  387  704  931  502
6  86  109
732  636  1403  696  633  482  620  876  663
4  42  141
811  1415  1338  722  489  603  1022  791  735
2  43  150
343  652  1387  614  642  599  422  849  1278
2  80  137
681  1355  1069  758  557  499  1201  816  888
5  30  148
606  1425  1116  438  495  377  1040  926  884
2  84  119
780  1490  460  695  730  580  1411  920  1377
6  40  123
298  238  1292  518  482  570  512  824  700
6  55  118
518  802  346  758  635  433  799  894  1376
6  41  138
672  739  1458  595  603  555  702  846  1374
2  83  122
226  808  485  581  656  414  1037  839  1236
5  35  147
540  287  1462  599  679  514  1086  976  1439
5  72  119
782  339  788  785  674  472  485  993  1024
1  38  127
669  291  1118  436  729  494  738  939  641
1  83  100
531  827  764  433  573  368  817  950  1250
4  68  110
343  742  802  791  745  379  272  969  499
1  97  150
815  901  939  605  472  481  341  964  1489
1  42  115
704  829  1339  606  509  569  1096  936  1298
2  37  147
734  1267  307  760  619  354  919  880  205
1  35  147
186  583  787  494  487  588  1044  982  233
6  67  142
680  1073  591  775  461  401  1336  941  425
2  42  101
368  1018  1156  484  706  409  1363  832  460
6  97  117
454  1407  839  667  522  569  1134  844  1205
5  50  127
581  429  837  642  677  475  1413  958  104
3  79  132
464  613  444  623  674  351  1233  863  795
4  59  133
666  306  647  745  679  515  1226  973  875
6  79  100
366  1133  1364  740  567  386  1171  864  917
1  38  150
574  865  335  497  654  455  1337  963  113
4  41  145
377  1259  1138  644  620  544  1416  960  1047
5  99  140
306  311  734  549  483  531  965  952  756
6  45  118
550  230  797  495  626  375  636  914  798
5  32  114
360  689  797  641  506  465  1316  848  1333
2  61  147
296  392  1356  422  509  596  449  803  275
3  89  128
273  1262  368  445  648  541  579  849  481
1  95  132
714  1017  310  405  454  365  669  794  146
5  77  134
599  764  1049  777  532  445  276  973  172
6  72  134
718  687  806  567  696  485  746  933  1284
6  100  105
665  987  1084  794  677  615  941  988  359
1  65  129
212  1019  927  741  716  551  1289  848  402
1  33  142
346  1300  1009  610  486  434  1495  982  1442
3  68  135
289  629  923  617  660  637  665  864  642
6  31  117
539  1117  691  762  526  521  794  829  102
1  94  103
559  946  328  461  457  645  1374  948  554
2  48  104
230  591  1273  584  664  485  909  796  798
6  42  146
497  257  655  732  482  404  302  999  172
4  71  139
890  439  344  791  668  400  517  877  610
2  52  108
778  587  697  408  619  377  843  914  142
1  42  150
677  803  968  406  519  634  905  944  339
3  75  124
574  845  719  415  678  364  1480  906  859
2  80  109
349  1447  899  547  624  613  1001  829  1371
3  66  108
404  279  656  725  717  527  1154  853  869
1  55  108
434  306  306  764  618  429  993  936  823
5  88  130
513  942  504  719  551  562  999  853  1028
3  64  121
296  1365  573  421  747  387  758  995  1069
3  34  122
774  901  1132  452  658  495  524  955  196
3  44  146
644  458  339  774  522  442  814  907  740
2  82  150
415  337  1073  730  744  592  1485  874  308
3  54  107
584  1447  429  641  465  591  790  982  1350
5  98  102
390  875  1321  611  477  585  312  897  772
2  91  140
790  237  397  421  545  527  964  944  1431
2  33  106
248  865  341  584  713  414  1358  845  938
5  87  143
743  1404  704  503  493  373  471  879  354
3  100  103
529  210  1407  546  564  570  427  956  1405
6  83  140
538  888  1194  434  562  360  683  861  473
2  56  109
207  1184  683  733  513  393  367  972  411
1  41  145
241  844  1450  593  558  501  747  982  895
5  48  139
774  886  468  706  747  551  1426  942  343
2  86  131
822  1366  722  800  462  473  1464  953  718
1  37  116
876  1057  1007  454  516  602  1114  859  124
3  84  139
448  400  941  416  570  531  989  923  1327
1  47  136
256  482  1287  465  732  499  1067  985  328
6  50  144
488  1070  1148  445  572  365  1034  881  1422
4  51  112
844  936  545  593  682  505  786  987  889
4  88  132
274  616  1267  667  599  626  325  846  1300
3  80  146
330  916  374  430  559  640  839  849  1064
2  58  132
740  994  441  454  675  392  1043  883  809
4  80  112
830  1087  818  672  626  430  649  841  1508
4  61  102
462  290  1334  635  491  467  391  942  948
6  50  116
258  1376  1260  649  740  439  342  992  1168
4  94  104
562  268  1271  749  450  520  404  998  679
3  79  140
804  970  637  567  692  507  508  878  1028
4  97  131
768  412  1084  515  627  543  486  983  391
1  49  117
886  741  491  501  580  414  1294  911  1454
3  93  146
422  1020  1189  404  600  408  852  879  1437
2  73  107
742  896  1316  604  487  428  1274  999  860
6  34  139
826  841  1186  642  482  465  1409  943  521
5  73  126
461  872  317  419  584  612  547  873  1223
5  89  134
643  1146  462  628  491  391  502  840  1112
4  41  135
815  615  1304  471  523  571  1217  904  206
3  53  143
900  534  637  675  577  515  511  965  1064
1  32  125
618  437  585  509  542  511  1323  931  917
3  90  105
882  1365  1107  514  611  542  823  969  504
4  76  116
479  518  903  574  748  387  406  898  866
3  49  148
434  1145  530  745  587  606  639  947  198
6  79  126
208  749  1353  579  748  605  335  899  732
1  76  148
272  984  1424  487  553  450  770  999  1392
5  68  109
433  1195  424  554  721  492  794  885  646
4  68  111
617  1067  397  562  696  501  1306  972  333
5  38  146
790  1303  551  470  531  551  678  935  308
5  49  150
758  823  1308  442  461  531  1175  974  1053
1  34  127
398  780  470  707  698  436  734  844  683
2  31  144
580  220  561  428  527  544  1245  897  426
5  89  140
228  1446  976  552  565  648  1176  963  1282
5  68  114
262  1145  725  713  570  443  619  911  743
2  44  109
791  1098  1298  606  611  519  1076  861  1070
2  44  109
692  375  662  522  682  374  296  795  142
4  90  147
608  1081  673  411  463  506  657  848  964
5  71  131
823  1244  416  524  750  574  513  836  1273
5  50  132
592  1294  1458  478  511  468  798  853  1265
5  39  145
247  791  1052  784  480  453  1159  801  1117
6  91  116
855  1200  785  783  750  402  399  982  1318
6  37  128
393  309  615  584  492  494  1344  798  900
5  88  125
715  1127  999  675  669  410  1111  890  655
3  48  102
698  967  560  415  718  353  966  943  738
6  32  146
387  585  778  456  450  585  811  971  1170
2  40  106
722  263  1352  448  747  579  1405  852  618
2  54  118
609  1247  305  760  704  416  1103  964  687
2  73  110
296  1277  789  522  701  548  449  961  1127
4  81  132
693  1317  552  446  499  537  1484  793  913
6  76  149
705  991  741  477  602  373  466  923  721
2  75  104
358  1188  1081  470  658  371  1014  970  140
5  72  103
490  1353  866  486  521  540  447  957  527
5  30  116
417  537  444  427  723  440  557  811  1136
5  99  145
509  1147  842  623  606  404  1254  905  587
3  55  110
776  380  664  480  660  458  316  875  1170
3  45  117
864  568  1281  700  561  390  1310  951  810
3  32  136
853  390  309  721  568  585  1120  917  333
4  60  149
550  352  639  495  716  603  640  919  597
5  68  138
270  250  1353  693  644  587  873  875  880
5  77  143
815  555  895  457  674  476  1334  861  1333
6  53  100
256  260  936  455  581  422  865  927  573
1  69  109
264  499  493  586  581  395  1377  868  497
1  66  113
590  595  1002  633  672  433  1148  818  895
2  64  127
616  1450  430  729  683  365  531  861  1489
5  40  118
394  1175  1305  554  462  531  280  873  443
3  70  127
187  791  1325  481  622  359  626  957  458
4  86  140
836  789  1493  514  621  618  1139  894  784
1  70  144
304  1125  602  656  473  513  1139  998  227
6  65  100
820  677  1340  743  711  530  1245  997  105
1  35  104
444  733  750  673  725  585  1228  909  947
6  92  131
705  807  1150  491  746  566  702  946  922
3  76  147
533  223  860  606  674  519  423  837  688
2  64  121
695  1373  366  564  595  538  950  981  652
3  77  129
343  1382  1067  520  654  455  866  915  348
4  33  101
782  690  714  471  504  522  487  977  1002
3  92  135
858  967  1404  677  739  388  351  997  282
3  71  150
341  579  1371  468  719  626  690  849  314
6  37  139
190  1194  924  537  601  599  668  909  223
6  95  147
356  603  376  411  540  591  492  988  1380
1  39  133
485  792  318  683  537  401  1340  805  599
4  41  106
261  700  1051  687  673  604  1467  843  921
3  97  115
282  1424  1111  493  745  395  1153  993  373
3  41  141
601  1274  647  405  526  575  960  816  1486
6  93  134
845  1473  932  599  484  540  414  997  1332
4  87  137
753  600  1458  673  518  554  1107  798  588
5  92  143
456  253  1007  774  496  510  1024  950  1503
1  81  108
550  726  357  405  731  454  748  872  1057
4  72  125
890  1433  710  669  473  538  1302  878  1357
4  66  129
792  1430  448  578  603  562  451  811  493
2  65  114
858  1088  873  460  544  590  681  825  1065
3  66  127
434  243  545  726  564  622  1123  900  259
2  75  123
730  1130  937  618  456  418  1171  970  906
2  91  140
244  492  560  487  587  367  591  998  544
4  70  135
348  740  1097  783  733  463  953  861  844
6  64  105
454  1287  1294  720  633  506  1350  816  133
5  53  144
635  941  1434  433  540  401  1103  924  397
4  48  103
507  1470  874  636  582  624  616  849  958
6  89  136
647  269  957  634  631  514  578  945  1317
2  53  117
215  1192  1141  666  604  526  398  933  677
5  70  130
331  1366  374  665  519  480  619  816  611
6  42  109
349  1024  596  561  672  605  767  914  1193
2  98  141
709  331  1458  586  678  603  1491  852  312
1  81  131
265  719  1095  414  483  584  1283  969  397
6  72  119
276  603  1158  650  637  630  1412  960  1309
4  80  116
576  1044  657  711  631  364  931  918  139
6  64  125
766  1231  1343  672  600  390  1361  854  603
1  96  143
639  464  507  548  637  359  969  977  822
4  88  114
843  1246  588  407  709  427  1163  940  897
3  48  105
478  489  1332  603  724  395  1306  820  1345
6  53  147
637  947  1228  426  650  473  1379  921  489
4  78  109
274  599  944  532  637  390  1496  800  1236
6  49  102
408  1387  372  472  733  502  1447  929  134
3  49  126
537  446  959  528  564  544  449  801  199
5  65  144
342  1348  300  626  678  592  681  835  1322
2  35  147
772  704  1174  763  726  461  1096  837  818
3  53  140
307  1246  757  476  480  610  1401  911  927
2  96  150
257  1232  629  564  714  648  1415  802  1350
4  78  100
342  983  1290  420  599  361  1418  962  178
2  92  105
301  1009  1178  791  526  538  1434  840  295
6  60  150
441  827  512  796  645  601  761  998  461
3  38  106
542  342  640  549  682  356  490  981  422
5  30  116
647  1276  1137  456  703  385  645  903  1397
1  32  133
562  768  1495  513  488  479  410  842  998
2  62  133
691  1390  1000  621  750  385  433  925  978
2  78  127
207  325  1163  561  667  546  1264  890  816
5  71  147
214  727  941  616  748  593  1132  905  127
4  55  133
686  860  961  781  716  351  1192  983  1131
6  47  149
860  1155  1067  678  466  465  763  869  415
2  65  139
180  1433  1045  535  610  366  1109  904  191
3  62  120
794  299  554  414  457  473  1318  797  1322
4  34  129
660  933  342  765  578  551  387  903  1342
3  74  117
826  1098  418  762  686  619  1044  853  713
3  46  127
541  356  910  521  615  427  1475  824  883
6  41  131
398  1083  729  721  654  355  448  882  1041
5  73  112
228  1326  685  403  460  476  1124  879  627
2  50  109
689  952  646  606  585  468  653  937  378
4  92  145
263  1377  655  434  534  540  1302  879  1367
4  53  146
273  1076  1357  663  485  432  271  933  698
4  93  149
502  331  517  661  724  429  1370  973  209
1  68  111
526  715  670  690  464  403  433  890  1212
1  60  111
201  543  318  502  641  398  340  979  231
3  74  134
523  242  446  721  663  566  403  887  1123
3  49  108
295  778  1205  651  513  523  1107  948  244
5  51  127
326  1292  634  539  511  508  330  827  124
3  89  131
689  228  798  702  646  554  1189  864  1332
4  47  138
582  1361  962  680  703  593  953  943  737
3  84  140
417  869  867  643  582  635  1108  913  832
6  62  125
542  1244  360  455  512  500  525  812  445
1  95  114
783  1020  999  693  561  498  469  927  605
5  69  131
505  460  635  793  713  525  1484  895  365
6  73  143
463  597  1495  556  511  524  336  932  535
5  74  137
526  613  769  688  493  375  638  823  1365
4  67  133
850  1372  564  466  572  402  649  891  1028
5  44  100
641  903  522  795  574  466  809  879  1177
5  60  101
531  290  771  663  586  479  811  899  1112
4  67  149
835  1037  462  569  726  623  591  939  1419
5  47  108
877  618  471  736  521  494  506  880  1242
2  60  118
779  1198  1277  695  482  383  1193  876  1325
1  41  115
438  296  708  596  602  562  353  992  829
2  35  117
216  613  1368  741  488  495  968  941  403
6  34  129
343  1158  636  653  611  592  1017  974  1008
4  94  101
378  1197  560  653  454  641  258  984  671
1  65  146
810  1022  742  656  625  457  324  833  863
3  97  146
524  635  1397  434  623  630  739  998  611
1  35  139
805  896  375  748  501  501  1395  930  1030
6  76  143
665  1425  807  420  604  443  1452  925  968
1  49  122
201  1358  1288  456  689  440  889  921  149
2  79  119
194  800  859  430  725  567  343  976  1426
6  33  134
767  665  313  786  721  600  341  878  1244
4  59  127
268  322  1095  666  593  528  1047  970  1384
3  77  111
670  351  1279  433  654  608  1340  940  1080
3  43  145
307  1286  733  448  732  380  1482  991  429
3  34  100
731  800  373  681  527  538  524  823  1076
4  46  117
531  467  617  628  708  481  677  977  1307
2  79  106
686  666  539  514  603  442  926  983  1493
6  77  118
602  834  470  419  735  436  937  916  150
4  40  137
662  883  643  630  608  603  1388  993  1371
5  75  105
260  1038  327  428  552  605  1153  958  663
4  83  107
261  1484  743  500  571  365  895  892  839
1  43  135
425  1269  1190  401  696  594  811  992  808
6  35  149
174  342  749  674  540  390  458  839  766
5  74  105
540  1195  1018  675  666  442  705  916  1458
1  54  126
794  1062  930  639  737  438  267  923  269
2  55  139
894  354  1058  617  563  488  491  998  443
1  74  113
226  1201  1446  684  741  608  1025  985  800
6  88  124
318  888  701  620  688  643  1434  841  1394
6  96  129
775  1151  794  548  702  630  530  858  960
2  46  124
783  1430  910  482  707  554  1212  872  273
4  89  107
345  1285  655  576  720  491  1214  893  720
2  86  141
827  1265  1386  782  451  607  285  857  1109
4  54  146
388  658  578  676  681  407  1078  941  701
5  35  112
788  354  1249  463  685  588  1483  952  810
5  64  127
639  1104  377  563  619  403  882  986  1322
2  70  100
688  893  1434  742  557  497  580  968  1382
2  77  103
395  1156  583  789  510  414  1415  888  1165
5  56  141
792  1321  327  647  565  648  1079  954  146
4  38  135
489  620  1410  606  466  392  1052  925  463
5  94  123
309  619  960  713  745  425  469  872  812
1  31  112
835  1140  1168  622  739  599  1157  917  1350
6  56  107
337  792  629  412  481  612  480  944  1054
6  97  147
349  1234  406  773  553  495  1312  863  1085
6  38  123
180  685  474  499  542  412  1157  931  515
5  47  107
458  943  1305  437  524  508  416  807  1004
2  36  128
655  690  1108  417  572  379  950  898  1267
4  46  115
629  444  406  629  465  414  1400  793  1305
3  78  102
408  1449  576  598  748  604  1077  801  1347
1  57  146
900  901  1261  773  660  413  367  978  1023
4  70  114
887  290  1041  455  625  386  410  829  1491
6  92  114
620  1122  457  612  613  406  1387  983  1377
6  70  135
547  1211  1187  657  573  475  481  943  968
5  37  148
683  1412  604  476  734  396  1133  951  258
2  75  113
761  946  1048  798  731  365  1447  833  1254
4  94  144
309  302  917  612  464  479  764  827  885
6  90  135
499  403  1269  779  544  561  690  945  673
2  66  140
296  217  713  440  673  391  877  905  692
5  33  110
804  520  349  465  668  457  617  933  484
2  77  102
167  705  703  727  469  649  1497  908  1184
4  34  145
828  272  1381  675  669  391  383  991  843
1  64  120
691  243  666  599  505  379  433  994  1357
4  52  122
703  894  1437  627  654  361  796  928  740
4  47  144
231  361  1204  548  620  350  464  842  416
2  94  107
411  888  374  796  669  545  1054  793  339
1  42  106
404  530  920  731  615  498  366  824  741
5  67  130
699  1191  1097  596  536  535  1098  859  192
2  55  137
299  393  769  605  478  384  1124  831  1429
4  77  141
763  862  1050  697  536  483  488  975  653
4  45  127
797  1045  688  666  734  446  433  788  777
5  63  126
214  1189  435  475  467  522  1230  956  277
5  57  150
236  1437  1252  444  745  543  529  922  1096
1  36  116
437  1279  1209  746  616  358  732  916  776
4  93  105
488  376  595  745  468  425  1381  813  142
3  36  144
638  857  690  581  567  645  819  796  873
3  60  130
452  1154  1088  715  586  556  1201  884  771
2  80  140
332  1460  378  726  557  528  484  804  238
6  60  109
726  728  1028  449  499  382  377  865  1179
5  51  135
214  1121  347  638  633  412  1472  864  576
2  56  115
689  507  1095  696  518  600  974  957  1289
2  37  144
354  274  1411  727  612  489  694  950  796
2  59  125
594  302  901  713  707  447  1124  991  1193
6  98  125
243  1030  1427  485  718  548  1467  920  921
5  83  122
721  645  498  638  485  612  1383  881  393
4  40  141
674  1448  1161  404  490  510  534  915  1434
4  63  115
576  445  1055  771  506  353  727  806  1468
3  73  107
333  970  532  442  544  398  1499  792  214
5  57  128
175  1469  674  463  459  457  671  909  1456
5  88  131
601  644  971  664  482  388  733  911  1179
4  41  144
166  331  813  635  624  590  739  957  373
6  80  128
466  628  520  499  564  352  1032  879  252
4  50  131
173  1031  1398  608  626  575  643  901  1407
3  63  148
897  733  872  765  721  367  980  795  463
2  47  146
465  1022  466  475  485  390  402  887  714
6  49  139
568  1221  1368  715  498  570  1370  928  419
2  49  128
896  1382  770  684  644  531  412  865  822
5  42  120
633  579  791  591  522  553  955  859  454
1  91  145
530  755  682  714  666  396  1343  801  678
3  46  107
778  843  552  604  613  451  1146  828  1425
1  45  120
275  1197  1478  520  469  610  598  950  706
3  39  108
355  736  1135  549  474  643  490  898  1035
1  100  122
595  778  1159  601  540  577  476  969  367
4  34  148
456  522  759  617  723  498  427  935  224
1  71  117
269  1047  684  523  494  611  318  877  661
6  46  114
507  895  677  568  644  425  1271  849  1467
1  71  132
742  931  351  453  474  617  418  835  1348
3  93  126
626  1080  1192  484  631  498  496  990  320
5  52  138
534  1357  934  744  477  509  769  849  128
3  34  124
238  813  654  788  539  360  851  904  1048
6  33  114
530  649  398  664  644  401  451  852  1067
4  90  138
332  876  840  448  733  500  876  922  774
6  80  110
898  933  1369  512  524  650  1051  842  473
2  89  109
500  1019  671  764  546  538  833  960  541
5  42  113
786  978  975  793  605  438  902  914  305
1  99  116
206  1246  729  621  558  495  318  832  175
5  99  102
218  889  1185  483  708  553  1132  828  490
4  80  129
281  630  882  669  664  569  1130  993  124
3  58  112
562  1476  724  757  734  600  819  907  1505
2  70  113
305  911  584  742  457  416  1015  975  511
3  45  142
323  1015  964  609  537  363  955  963  831
5  45  130
441  1380  1487  591  461  610  1327  946  826
4  83  141
549  203  1468  695  571  610  637  859  664
5  94  136
324  346  736  619  577  638  529  956  1154
5  31  100
813  754  706  666  600  522  681  886  846
6  37  111
799  861  572  519  653  363  1072  955  1385
2  70  145
755  555  1337  520  580  459  736  880  1218
4  82  130
820  1066  1056  500  460  573  649  971  897
6  71  147
150  384  794  517  542  501  937  831  333
1  70  118
638  976  1333  539  517  420  627  965  230
5  68  103
552  1156  564  515  455  530  785  821  593
4  73  140
389  1470  757  596  672  479  1226  817  1483
4  58  136
834  217  1433  704  603  375  1403  832  470
4  95  150
650  851  951  510  738  463  826  899  536
4  98  124
475  680  960  469  721  517  677  880  937
3  94  128
622  1065  414  665  548  526  529  849  478
2  46  122
634  708  724  798  614  514  1426  908  775
3  80  121
459  376  1321  436  616  495  310  878  1380
2  48  106
205  1475  668  717  489  555  1327  839  792
4  38  112
662  1092  822  745  611  573  303  885  1435
3  98  139
249  1316  574  691  564  379  278  842  1222
5  48  103
652  815  1306  498  595  528  1292  820  837
5  70  136
679  803  808  601  639  502  515  964  875
2  71  117
661  450  1335  434  579  407  250  804  1373
2  75  118
400  336  300  490  542  617  1286  855  1020
6  58  140
403  661  1257  637  630  636  1382  842  203
4  67  142
210  556  1086  632  599  606  765  788  422
1  91  136
707  1491  708  727  636  635  372  938  1162
2  30  141
500  503  945  756  595  474  1404  885  105
1  65  118
656  864  957  691  712  441  387  939  512
3  39  112
272  1014  1206  425  704  500  1288  848  294
4  59  143
878  733  312  760  578  390  1480  801  971
2  43  129
543  1439  628  427  523  549  1369  940  426
4  97  115
246  718  895  717  518  472  1115  904  272
5  40  132
208  1328  1260  555  489  480  1337  987  374
5  92  140
521  1060  319  446  573  556  985  917  1313
1  86  147
300  1010  664  754  747  613  579  929  785
1  30  121
569  1230  649  614  468  563  574  825  114
2  81  128
731  1269  450  671  729  399  1274  923  1168
5  32  114
258  260  875  402  712  622  1027  885  555
2  52  122
192  1337  1074  608  520  534  988  872  381
6  41  123
479  353  628  490  740  549  1246  866  1275
1  32  124
222  825  308  704  723  650  1329  928  1226
1  86  124
382  1325  1062  569  567  471  985  859  1122
2  52  117
560  740  516  771  518  619  1496  834  387
4  48  141
787  1491  325  618  734  647  310  987  745
5  55  108
855  1144  878  511  613  643  663  794  1007
4  86  121
513  1400  355  577  620  609  822  903  700
3  41  144
827  1491  1126  554  580  467  936  791  900
6  46  102
541  1057  447  614  461  519  733  850  1397
6  66  125
194  1256  685  513  713  529  344  922  273
2  67  147
583  220  1127  444  488  649  399  831  187
2  54  103
225  895  1129  430  705  467  1242  975  1512
1  35  121
308  683  351  453  733  597  1261  910  1293
4  58  104
418  920  518  511  729  467  666  949  285
2  70  123
630  1197  748  553  554  352  1224  956  1332
6  98  124
442  841  1352  458  668  385  858  862  1002
5  77  104
456  609  459  697  654  560  1109  866  313
6  43  122
164  1446  543  451  519  473  591  909  340
1  57  114
309  1267  357  597  730  613  1221  802  1209
1  49  132
551  710  712  641  506  517  961  915  802
4  100  108
228  643  323  701  730  427  716  824  562
5  87  106
824  438  442  749  596  597  1192  842  1358
4  61  113
517  1382  326  566  709  474  919  899  1111
2  57  108
152  730  977  783  493  456  894  891  978
3  95  108
266  485  364  672  682  650  1410  831  229
1  96  122
263  367  1103  556  719  624  1149  929  1289
1  46  146
790  1381  899  641  613  380  636  929  623
5  67  123
287  918  395  715  525  634  533  966  1322
1  92  119
679  715  957  430  620  491  455  908  116
1  79  101
298  1363  550  709  577  453  611  829  575
2  89  107
846  904  389  545  669  645  350  911  779
3  66  140
612  823  496  501  620  367  486  924  915
1  38  124
783  523  593  435  573  389  970  919  1133
2  57  104
564  246  1497  493  548  403  654  831  653
3  38  113
698  719  628  557  625  360  770  995  925
2  90  122
485  786  331  639  727  399  463  805  715
4  86  148
417  1034  1456  721  550  418  301  838  318
3  72  149
337  336  541  516  478  530  1303  858  845
3  47  137
677  690  1408  757  711  395  742  821  237
5  31  148
400  777  458  509  626  388  508  856  1076
3  79  138
296  1404  434  761  693  611  531  994  403
5  76  130
541  554  774  725  711  407  290  852  381
6  70  100
647  384  371  415  554  364  358  969  1349
2  92  125
346  890  505  435  699  499  1066  930  585
1  55  102
684  378  988  482  616  449  1322  930  1173
6  39  111
658  636  392  699  710  403  1148  831  234
3  43  110
888  781  1279  439  624  470  1289  805  1196
4  57  146
674  884  867  689  733  419  940  896  850
2  38  144
396  444  1243  741  687  552  823  788  524
3  99  115
296  1475  857  605  630  532  290  943  718
6  99  132
506  1226  913  772  542  422  841  789  1226
2  57  121
289  434  949  557  553  397  370  853  1190
3  53  117
730  842  1233  559  481  390  1404  974  1207
3  78  120
528  676  1091  530  700  488  488  882  422
1  65  116
857  345  606  613  694  498  1476  877  353
5  83  105
255  1207  967  704  733  444  1328  833  999
4  67  150
465  832  928  462  644  454  597  801  146
6  30  140
305  618  798  715  723  430  303  935  123
2  93  122
900  1448  1351  642  565  603  617  978  1201
6  31  117
865  312  1082  774  684  528  518  901  263
2  73  114
836  1162  874  518  726  483  1113  929  265
4  55  138
665  439  1412  407  655  508  418  835  1310
4  37  103
226  1100  796  669  641  470  596  854  538
3  72  132
321  251  425  545  613  452  1039  950  273
2  43  104
757  286  842  717  569  367  1126  872  965
3  82  103
621  448  621  766  567  384  1177  905  135
5  69  145
453  662  392  542  596  596  659  910  833
6  64  135
741  1296  745  669  698  471  699  979  296
4  49  128
335  1065  1047  567  740  523  1097  941  292
4  58  117
355  1037  891  556  565  514  348  957  566
4  50  111
320  967  750  667  715  441  853  855  456
5  60  116
240  840  576  708  653  548  896  916  626
1  94  138
440  447  1191  542  630  573  1067  833  895
1  96  116
768  1093  357  636  616  573  1399  913  743
5  44  118
892  482  942  446  452  432  618  920  901
1  78  126
631  1353  567  779  592  374  1044  875  840
2  70  109
352  1086  632  606  618  465  650  867  397
1  84  101
272  667  963  482  583  624  1377  900  250
6  81  124
214  1157  935  412  669  384  336  992  1243
3  49  150
375  1280  1266  443  681  612  1404  804  439
4  51  131
377  599  1479  479  610  350  1146  911  467
3  94  121
239  954  419  541  558  444  1248  924  1445
5  54  104
407  319  1160  793  480  566  1306  809  183
2  36  141
319  772  1350  762  727  648  692  835  771
1  46  142
721  1125  384  510  705  404  1205  918  368
5  38  125
559  657  364  658  672  363  1207  919  1439
1  98  106
434  1032  1499  590  698  556  970  822  753
5  86  124
834  1069  1426  428  709  354  784  940  844
5  64  108
491  384  970  729  497  451  410  969  758
3  90  100
772  385  355  597  520  453  1205  961  242
1  68  147
494  203  529  536  647  581  783  849  1418
1  85  137
805  369  691  698  673  485  976  789  231
6  45  107
576  1427  739  546  561  492  1437  802  800
3  36  127
213  1144  480  572  552  555  1417  790  1395
1  59  128
228  1131  441  434  672  357  933  931  700
2  49  147
502  1064  960  439  647  540  588  891  1420
2  98  107
842  998  1283  564  579  422  965  920  1128
5  49  140
898  283  881  703  586  520  1166  872  1318
4  36  103
853  554  990  506  635  448  1236  959  1412
1  68  138
495  337  711  737  675  376  433  900  220
4  65  148
553  786  589  711  701  631  869  934  464
1  42  118
452  358  817  693  477  456  1212  928  491
1  35  150
752  353  1426  637  734  535  1004  824  1254
5  52  148
561  667  1244  701  580  582  922  803  1515
5  31  104
315  737  763  473  541  427  482  896  1437
1  30  138
300  1051  370  547  567  354  867  960  284
6  70  111
470  954  944  664  641  440  278  992  1172
5  81  145
204  1090  784  622  666  645  1274  844  1145
4  87  140
697  1217  850  748  629  422  903  793  923
2  51  145
769  758  335  406  501  403  602  828  627
2  67  120
232  411  546  727  577  521  1379  992  1048
4  46  102
825  303  371  490  514  649  713  999  690
4  58  128
832  1070  681  585  687  398  1203  953  1504
5  47  107
237  1096  640  607  477  528  330  805  458
2  33  145
454  1460  1299  680  534  490  444  942  791
2  44  111
637  519  1289  548  543  514  1303  842  1439
2  74  136
665  749  1172  519  729  401  988  906  422
6  100  127
199  638  1461  749  730  416  658  842  584
1  47  124
296  1067  957  511  611  491  307  794  137
1  52  123
529  1315  567  577  616  438  1167  989  141
2  38  125
794  965  1467  677  626  479  1411  910  1483
1  72  107
591  1299  1102  451  729  361  542  796  511
3  30  119
416  214  699  429  504  368  1396  984  643
1  94  106
607  561  345  411  748  464  1500  808  1333
6  92  111
789  1091  877  608  740  370  1469  814  201
6  73  143
215  1139  1059  756  746  556  444  972  818
6  68  150
436  1474  1137  437  602  535  968  899  1453
1  31  114
723  1062  988  507  656  414  1450  988  1083
2  82  147
282  979  1328  654  586  508  533  956  729
3  84  106
849  821  345  772  720  477  1098  908  405
4  81  120
456  451  1338  706  592  561  1080  817  1223
4  80  111
614  335  617  461  709  599  801  869  836
5  44  104
152  1390  1188  721  491  413  510  964  1110
2  72  150
856  274  950  627  476  580  1315  980  884
6  37  135
827  604  303  749  555  425  839  821  1266
5  98  116
541  712  362  795  711  592  1413  962  418
2  64  147
282  585  1273  483  663  364  856  949  108
3  82  138
725  313  1048  766  731  542  505  841  446
6  33  115
450  1113  346  753  476  399  279  855  443
1  41  106
554  1407  394  538  550  611  1498  819  1493
5  80  114
517  1223  742  667  503  648  902  863  909
5  46  138
478  347  570  723  577  516  986  938  976
3  45  113
194  972  1494  710  736  468  842  804  1363
3  64  112
712  942  893  596  688  570  513  812  487
3  79  144
353  917  533  748  530  615  1480  857  478
6  74  102
515  351  1026  423  733  616  347  855  1204
5  89  121
447  336  1373  545  694  619  838  914  1472
4  67  150
623  475  638  662  452  527  295  898  402
1  92  137
764  389  1198  756  711  441  925  824  755
2  89  148
869  948  1184  800  472  489  282  818  1219
4  88  109
496  584  736  650  503  511  799  848  984
5  57  129
372  1273  484  470  521  614  857  838  634
2  37  104
508  230  883  711  562  440  1456  954  804
2  83  145
668  573  454  729  712  592  359  944  327
5  53  137
508  1460  1288  774  627  554  505  957  1275
6  57  143
631  1469  457  699  667  461  590  795  224
6  47  104
549  925  1183  449  518  538  1368  878  1028
2  34  105
776  999  637  659  676  404  1145  931  1152
5  62  106
325  1182  810  787  534  640  1492  793  841
6  83  138
201  1342  407  486  480  552  1095  988  1083
5  74  134
369  1484  321  595  749  528  586  825  276
2  46  149
426  1023  599  636  556  446  1055  944  608
1  76  144
277  261  854  706  687  493  1412  986  877
4  80  111
558  673  1074  641  597  366  1034  959  1380
4  59  120
275  1465  853  427  528  486  1420  969  226
4  97  139
652  258  897  572  601  438  899  975  689
3  78  129
260  612  1391  495  555  616  1305  985  941
5  98  120
688  1129  745  671  643  518  786  872  1220
2  67  137
392  612  352  658  571  466  945  829  202
4  54  149
695  774  1346  484  588  368  776  899  355
1  59  114
694  210  1111  547  509  581  836  890  450
4  70  140
705  1143  743  501  472  586  1132  947  1359
5  99  138
278  1161  1362  749  634  625  1143  860  1391
3  62  129
667  871  350  574  484  526  465  796  947
2  88  134
544  605  543  789  615  503  880  895  1356
5  74  125
897  718  1173  676  514  434  1038  805  268
1  56  101
392  636  1157  681  556  461  601  942  1393
6  60  127
688  1404  579  782  607  377  846  837  215
1  97  104
463  527  957  791  728  530  1124  807  1483
6  95  132
459  899  381  479  520  372  1268  899  153
6  36  149
317  435  1103  454  710  536  1171  919  435
1  32  107
334  933  1250  611  468  570  516  914  1250
1  60  118
810  1309  311  431  638  535  1238  872  781
1  83  100
172  1141  1114  615  514  554  462  792  505
2  47  143
801  710  1470  652  601  500  839  827  411
3  96  142
446  881  696  725  516  457  1301  995  1460
6  97  108
615  1146  803  555  684  560  1055  825  491
1  55  138
246  457  404  556  628  584  787  959  1094
2  84  147
320  1311  1045  537  616  630  594  941  209
2  80  117
452  976  1279  508  467  446  1375  996  541
2  42  121
450  1405  1233  445  556  443  1125  933  1386
2  89  103
797  1500  908  527  479  382  781  863  391
1  81  107
491  710  1202  718  743  518  499  943  366
2  43  124
746  1124  1221  591  749  487  1094  809  730
3  93  139
196  1285  404  743  557  352  768  856  350
1  99  121
796  798  659  410  579  478  843  997  662
4  85  136
227  1314  1254  666  602  637  1495  817  1142
2  74  135
352  478  667  490  469  470  505  884  1164
4  31  124
551  903  1367  496  509  492  535  814  1202
2  44  108
714  608  649  520  518  478  1403  930  144
6  96  103
614  254  1014  579  457  419  276  894  343
2  40  148
363  1431  1022  742  598  418  851  948  256
3  33  145
321  1250  318  533  625  547  858  970  1420
3  85  118
857  1134  1082  696  737  519  375  790  595
4  58  132
506  408  696  698  714  384  1412  953  1364
5  73  144
441  366  548  502  642  555  531  791  354
5  34  142
166  716  1304  591  531  520  483  803  1106
2  43  132
857  1056  1165  798  567  468  359  799  1143
2  81  106
796  647  808  687  497  467  1294  804  415
1  83  140
833  602  1010  479  610  603  593  986  252
3  69  100
560  1378  306  684  684  426  858  804  1074
4  63  139
569  404  1150  508  476  394  315  943  972
3  77  134
588  1280  1246  646  725  632  648  954  770
5  90  140
364  710  1258  736  625  487  1460  943  280
4  47  122
176  710  1079  464  746  603  898  807  1016
6  94  138
340  863  1124  523  580  428  819  895  1131
1  45  112
736  1353  403  508  557  497  852  874  558
3  92  116
599  1479  674  550  599  615  948  822  178
6  53  110
454  577  1361  508  667  631  938  935  1148
1  98  140
361  636  643  552  501  451  642  991  783
5  90  111
803  1228  1357  647  657  554  315  824  1261
5  83  107
329  845  319  579  626  353  859  981  193
5  95  113
864  1185  1009  576  551  584  747  976  968
6  81  139
624  1014  588  688  508  437  1183  878  1123
2  36  102
776  1025  931  563  697  610  983  910  346
1  64  113
338  1264  462  504  722  449  1448  837  506
4  87  101
629  1102  1216  760  459  524  791  933  1463
6  64  133
248  1265  1246  734  517  446  672  881  1333
5  83  123
530  1211  310  570  707  417  685  968  675
6  91  149
691  705  837  729  660  372  533  888  1018
5  94  122
256  1168  1454  656  607  647  1310  884  435
4  56  134
315  1246  1017  761  717  350  1231  833  122
1  33  115
223  1176  1196  526  636  467  437  814  835
5  35  133
530  947  1215  705  601  352  901  823  944
4  51  124
849  527  455  751  665  401  1111  945  940
5  100  125
726  201  1392  670  509  407  308  926  1336
3  50  107
653  1150  783  573  643  395  1168  836  1111
6  45  124
622  229  399  613  695  650  267  993  484
2  76  115
332  265  1445  714  477  379  539  966  728
6  35  110
373  1046  1256  568  652  518  902  884  968
6  55  103
245  1018  847  470  546  455  859  914  1446
2  42  106
839  1288  931  710  593  423  1267  926  1502
4  40  116
205  1342  1144  764  486  579  361  891  542
4  74  147
163  813  1039  473  706  432  1328  942  1508
5  45  122
527  1427  773  582  581  379  644  990  238
4  59  141
649  1125  1021  500  676  470  1335  847  1368
6  35  142
310  1261  979  619  651  555  292  991  1174
3  80  142
422  1229  973  417  615  427  572  828  709
5  56  124
472  270  1311  519  583  353  380  981  1419
6  65  131
247  490  674  568  745  603  973  793  251
3  84  136
778  727  797  559  530  588  426  963  238
4  69  144
228  395  775  469  731  570  1409  836  1162
3  90  142
474  337  1030  555  709  459  771  821  493
6  37  150
566  321  330  675  586  450  1493  961  1116
2  82  108
774  803  430  674  675  496  451  909  734
2  30  142
888  1467  1309  541  488  604  632  933  504
5  54  108
862  870  489  780  685  537  614  865  196
1  87  107
375  368  787  707  604  479  1451  800  636
3  90  142
224  321  1453  411  656  633  1004  792  1289
4  88  150
846  1464  376  524  622  553  337  837  1128
5  70  134
617  1125  321  580  601  607  301  971  704
1  55  128
854  256  1082  689  524  640  526  930  935
3  76  117
629  1302  892  765  649  451  878  982  609
2  32  132
889  789  533  460  597  388  1000  990  187
6  83  150
283  1078  311  588  725  597  1183  936  1419
5  75  133
696  1405  1478  409  744  561  400  849  264
1  61  127
824  1046  446  647  537  523  469  926  1082
1  45  142
543  1377  572  755  704  552  1126  953  1481
4  37  139
780  424  976  617  662  507  1465  908  408
4  83  100
892  865  1445  465  639  383  982  874  600
5  35  101
880  309  1213  467  639  475  376  920  435
2  59  106
805  803  626  592  477  439  1163  886  1183
5  45  117
491  1215  1050  471  614  622  975  873  755
6  100  127
362  544  987  506  530  419  454  979  917
3  30  145
540  367  1441  584  456  615  338  851  775
3  53  132
885  951  320  625  611  606  705  977  737
1  56  108
401  322  1157  424  473  360  1099  789  1262
6  60  119
767  1200  853  658  493  580  955  985  1208
5  77  143
173  1233  437  440  588  603  1064  971  426
1  93  112
479  205  479  428  661  462  637  884  726
2  71  100
736  741  1112  414  492  511  681  889  337
6  65  127
812  718  852  523  587  378  1047  833  966
5  78  117
300  1432  1146  747  686  367  422  851  1311
2  86  103
235  706  1041  604  501  433  709  819  824
4  65  137
650  1087  1221  645  709  529  556  831  1461
3  64  113
495  462  932  770  670  442  280  949  1474
3  90  121
559  730  1444  799  723  471  1445  802  126
2  70  148
739  1294  1236  539  656  440  341  861  1143
6  65  122
603  441  1282  779  548  467  1400  920  1359
4  78  131
328  1013  491  692  473  585  638  890  861
3  96  136
472  644  385  770  586  510  1272  999  1290
6  51  145
838  760  304  614  683  403  1131  966  307
1  44  132
741  999  837  440  511  493  953  812  307
6  75  146
830  331  1168  423  520  553  837  993  1450
1  63  105
403  932  958  759  546  524  1286  880  130
1  65  148
547  820  961  417  589  560  1181  999  359
3  46  117
635  700  399  563  461  376  730  908  1228
4  75  114
198  491  497  603  577  542  399  828  1372
5  92  127
174  523  745  442  740  474  828  935  801
5  88  149
668  583  805  455  744  438  315  869  1138
3  51  118
894  592  746  443  571  551  631  970  996
2  76  115
335  204  1328  534  628  591  332  864  192
3  38  102
723  1450  700  711  454  461  434  964  1129
5  53  100
708  1333  493  580  605  606  1427  842  788
6  85  125
721  747  1245  456  498  395  1163  950  1446
5  76  131
430  916  974  669  743  498  1011  801  1136
6  49  134
728  585  1265  534  471  482  1217  852  1185
3  81  111
851  1079  1451  713  690  397  1290  860  1405
4  95  114
164  1148  1160  665  710  486  1338  823  685
4  47  112
639  404  1359  434  607  445  1327  923  356
1  60  133
680  718  1426  465  531  406  646  883  110
2  58  149
700  632  616  763  718  483  605  894  1190
4  96  110
460  1290  759  731  477  612  1138  790  1256
1  93  115
627  731  1456  610  492  549  631  939  867
5  60  111
773  1084  1408  633  538  597  663  863  329
4  88  126
248  1406  1360  688  543  620  569  848  945
6  62  135
578  1028  872  580  732  549  909  965  1425
5  74  133
279  864  1200  796  614  621  534  806  872
4  45  107
630  336  875  500  605  583  597  972  257
2  34  136
607  975  933  568  653  392  1194  990  484
5  56  120
666  1332  858  544  726  468  1384  869  286
4  36  143
365  725  544  611  657  540  1387  921  1366
2  70  118
678  1493  1441  770  624  520  1214  953  830
4  86  128
301  1086  534  506  564  395  406  836  794
1  97  123
362  674  1466  472  703  462  1404  794  1047
4  81  125
600  1271  527  438  598  523  729  905  436
5  100  101
723  1084  1057  698  700  481  1049  868  1442
3  39  134
287  1105  1306  747  575  375  484  886  192
2  51  102
875  342  411  769  653  470  529  896  411
1  87  146
369  1368  1448  537  668  425  926  918  971
3  60  142
752  362  887  517  636  378  1318  875  1505
6  37  142
443  935  1145  558  609  611  1214  852  555
2  70  134
783  265  922  682  625  482  884  924  591
1  77  131
728  929  604  619  604  468  1270  836  1427
5  33  108
153  1299  871  722  630  500  934  937  1383
5  87  112
165  945  1282  590  721  480  1028  894  273
4  47  121
161  1305  1420  433  619  513  879  917  737
3  82  149
201  1012  1405  722  470  365  1013  864  621
3  84  134
373  432  760  719  687  452  530  859  1416
5  50  146
443  652  864  566  485  475  1115  815  672
4  63  120
554  1292  677  754  739  597  983  833  1496
6  97  115
429  553  807  403  620  544  555  988  995
1  81  148
303  380  1136  542  648  607  827  893  356
5  60  113
625  1155  1482  740  671  572  300  879  951
6  32  104
189  357  1173  527  563  419  1205  791  1283
3  50  141
466  772  1412  637  538  525  689  854  840
6  77  141
558  1426  387  791  496  619  875  803  1290
4  36  137
896  1363  813  776  679  432  288  867  889
3  69  113
884  1449  1088  505  520  647  785  938  1120
5  80  125
235  488  748  707  602  559  251  856  1374
3  89  138
723  1015  420  783  693  383  1142  989  422
4  63  121
289  727  879  540  476  597  284  982  317
6  92  123
744  1160  1061  405  721  545  593  995  900
5  60  147
439  1486  773  571  458  599  596  910  1513
4  61  117
833  240  1422  703  507  393  268  914  208
3  39  139
660  1107  1057  793  720  423  1180  860  1036
1  43  114
299  971  881  512  538  452  1368  860  496
1  90  117
777  995  636  614  592  603  526  861  500
4  51  145
357  212  1386  599  666  498  655  813  486
3  98  140
230  205  1337  719  483  622  931  986  827
1  31  134
754  643  1256  678  645  617  1081  892  224
4  45  123
815  1071  300  666  492  390  785  983  914
2  76  125
410  907  878  598  688  568  847  979  1409
4  42  150
367  336  1002  655  545  551  1220  917  146
1  59  136
171  641  1441  642  620  388  904  815  724
3  98  135
469  621  392  627  496  446  1158  857  1404
4  47  123
602  1390  1020  405  709  567  961  996  238
5  72  122
343  1171  623  635  576  518  1393  919  722
6  79  123
273  533  439  608  562  583  898  939  1204
4  67  122
833  1227  1014  698  486  402  909  860  1343
2  82  127
326  265  323  738  545  482  1467  837  551
6  81  128
696  547  806  467  686  519  458  989  691
4  34  131
622  1337  306  475  686  428  1047  846  944
6  61  139
648  840  1238  596  696  454  1369  822  820
2  81  107
210  312  930  460  581  360  488  811  432
2  33  115
896  577  421  599  715  511  1310  825  382
2  68  125
617  1255  419  524  672  543  1192  954  1510
4  36  127
594  1151  450  422  746  596  792  872  201
3  89  129
357  274  1492  783  633  449  1154  993  1519
5  36  117
260  1140  1014  571  707  516  968  801  462
4  67  148
592  1069  1036  745  665  594  627  950  222
1  68  138
247  763  1086  466  476  645  1196  984  226
5  59  111
631  262  1242  612  633  630  623  984  182
3  50  146
154  1371  381  524  613  365  1088  971  483
3  73  114
322  553  1026  411  462  550  1213  918  672
5  46  120
519  623  549  767  733  532  571  835  217
5  64  150
386  201  1345  623  629  512  723  969  752
4  91  126
265  803  379  443  596  399  1401  967  720
6  46  109
558  1177  1296  480  612  375  1369  823  428
1  89  115
709  938  1128  780  473  399  803  875  1399
6  66  106
838  336  632  606  743  549  1075  791  496
1  86  105
278  1083  1022  699  664  608  1015  889  1293
3  69  133
818  1057  1158  571  524  394  1020  933  1149
4  42  124
882  396  878  703  736  597  978  850  1207
5  61  129
623  257  1146  722  457  507  1278  939  1361
1  39  120
169  1034  725  645  486  565  691  841  500
1  33  121
699  418  1392  568  687  392  1168  886  739
2  38  116
598  360  1201  408  456  489  1369  804  499
6  56  121
568  1028  1069  705  665  649  933  912  404
5  30  149
498  1374  458  467  648  536  386  836  915
4  78  107
851  1222  442  456  564  525  648  892  581
3  41  109
781  642  787  787  646  611  251  845  577
4  99  130
514  756  927  747  690  473  400  797  549
2  53  144
886  1087  910  426  731  556  543  859  343
5  56  148
493  479  1235  425  655  648  1341  843  1260
1  62  133
835  768  1268  414  599  547  1447  821  826
5  81  109
324  425  1049  763  507  588  1449  831  117
5  53  125
725  1165  833  474  455  369  1319  790  1385
3  58  113
181  1353  892  517  508  588  1487  921  1335
6  30  108
527  1208  1357  659  509  641  459  898  597
6  85  122
263  908  1143  773  648  631  259  905  116
4  75  136
871  650  1444  491  632  444  799  989  221
1  30  127
453  216  637  598  545  648  342  926  174
4  80  137
761  1495  1139  443  593  391  294  967  1250
6  44  139
616  774  1226  482  469  515  691  923  1119
5  50  131
616  1487  1047  628  713  424  1022  792  800
2  71  132
761  702  654  731  656  444  259  867  958
1  96  128
563  619  1054  763  558  418  1317  990  1170
4  80  123
519  1311  1367  794  672  447  1133  999  1302
4  58  109
767  630  780  488  507  548  857  929  408
2  95  136
393  985  832  554  610  393  1425  919  832
2  37  112
567  980  1389  725  657  458  1156  882  1183
3  52  125
474  373  391  701  665  597  497  807  1388
2  66  140
193  248  1000  708  750  590  985  913  956
5  61  133
404  966  455  402  515  357  703  929  787
6  43  145
811  1444  821  409  730  593  339  809  1144
6  79  112
278  788  1379  729  550  419  1205  960  890
3  86  101
593  824  561  675  555  415  359  873  693
6  67  121
881  1005  1210  681  615  446  589  859  1422
5  45  128
761  1061  583  639  491  514  1163  970  1016
5  100  146
668  1285  1226  442  462  465  289  851  253
4  71  113
833  1166  831  479  556  428  665  921  1055
1  77  111
813  579  1443  540  470  625  1281  998  1401
5  39  103
221  336  433  483  487  431  523  843  583
2  58  105
604  1378  1485  509  577  638  1340  907  1021
3  92  110
812  1031  779  599  734  580  619  829  310
3  87  129
265  797  601  487  747  599  339  874  569
1  60  122
704  215  470  488  724  352  1016  886  1230
5  64  108
671  289  1342  697  621  411  779  790  199
1  32  106
663  356  541  713  731  443  728  997  660
3  76  127
229  375  883  587  569  452  561  840  411
5  48  144
197  1212  892  679  672  401  825  931  119
2  86  140
540  829  1301  617  600  389  834  884  490
1  57  129
199  1268  540  506  529  560  1030  867  938
3  58  142
628  707  636  458  699  593  358  992  1065
4  53  125
657  857  1272  419  673  560  1297  918  116
2  92  122
170  1182  390  400  651  466  1231  820  1021
1  45  130
306  252  453  554  731  643  349  940  421
3  63  123
270  1254  775  731  714  590  1355  848  333
6  40  117
179  1282  1040  534  513  574  1387  980  579
2  35  109
226  1220  1445  485  491  401  1341  915  977
4  68  132
451  1393  308  444  651  404  757  834  1178
6  64  134
607  407  1169  605  737  373  416  853  497
6  69  129
562  876  1094  661  477  615  644  943  357
2  47  137
419  985  505  697  593  474  871  855  1294
5  75  135
283  297  963  690  567  570  1457  986  831
6  67  113
616  538  634  655  489  492  1365  940  935
1  32  128
582  952  1475  611  586  486  421  846  1474
2  91  110
862  1296  592  414  701  530  602  884  1443
1  38  149
548  229  425  645  654  583  1139  930  414
5  91  132
852  315  407  751  679  382  466  888  570
2  59  131
708  1146  440  508  694  385  295  826  1498
1  76  111
357  474  1299  586  574  495  929  844  229
2  86  123
806  508  1426  480  481  458  989  836  1330
1  44  150
500  287  1126  772  510  635  1010  834  199
3  96  150
617  559  804  606  688  377  896  965  1496
3  38  141
242  456  1050  735  502  488  483  859  1289
5  95  122
189  707  733  429  724  585  1333  798  1310
2  37  110
390  639  1220  493  607  543  612  843  949
5  59  101
845  978  759  584  615  645  1470  923  1270
6  32  105
411  1418  1487  597  728  456  992  878  1149
4  80  114
455  836  310  488  641  556  1389  949  632
5  59  138
243  1148  307  726  653  436  1087  914  1274
5  69  143
242  221  1390  446  550  570  868  896  209
1  68  115
355  565  1272  430  523  481  908  835  467
2  62  144
865  377  619  711  463  388  480  839  1142
4  88  145
774  553  1289  585  617  605  1118  865  617
1  61  127
323  1166  1245  530  715  631  637  918  537
1  64  134
515  215  1214  520  624  426  1065  992  383
4  69  146
288  444  781  699  639  566  489  990  225
1  80  144
755  1403  890  728  550  541  842  929  962
2  51  116
584  1421  867  750  497  618  287  989  676
5  34  132
658  724  588  465  607  640  1363  897  177
1  67  137
871  1194  726  774  477  582  1272  793  1358
4  77  111
715  1023  556  715  492  534  905  928  346
2  69  130
747  1175  1052  542  697  532  894  980  1417
1  76  145
169  263  1086  452  543  458  1258  840  601
4  85  103
876  343  899  527  560  582  1117  882  865
6  91  101
818  572  1146  691  580  512  532  925  637
5  83  147
861  590  443  604  527  478  661  992  1423
5  43  150
574  574  468  524  597  506  419  828  621
6  58  109
490  937  605  401  709  619  1199  901  189
1  64  141
527  1306  307  569  664  560  720  998  1227
5  41  136
894  848  454  733  604  460  989  859  329
1  96  106
334  1147  1255  485  671  438  645  874  728
5  65  123
809  300  360  701  469  555  594  910  1059
4  48  149
889  1101  1323  731  475  413  985  964  612
3  57  104
680  1219  579  716  582  637  902  813  618
6  99  113
759  1490  1202  542  560  585  1307  856  1266
2  30  140
271  371  604  606  677  554  1386  857  1270
2  50  133
646  644  1434  744  522  360  930  796  222
3  72  119
740  1172  526  502  695  536  921  861  282
3  88  140
698  1117  1397  418  720  458  465  917  1009
