100
4  60  82
121  55  133  105  112  113  145  138  81
3  85  92
173  58  124  113  72  142  99  140  85
2  93  119
146  81  113  78  93  103  128  102  145
1  62  88
132  95  133  144  77  130  81  137  110
1  88  134
97  80  78  110  149  139  141  103  72
1  94  128
178  95  85  132  127  102  144  86  105
1  92  117
102  70  93  108  96  129  144  106  121
1  61  97
174  75  145  121  126  113  123  140  127
1  96  122
76  72  70  110  94  90  101  124  96
4  99  109
149  81  85  86  138  98  94  119  120
4  84  77
154  88  106  144  96  90  100  141  135
2  69  145
110  93  100  83  128  125  148  94  100
1  84  145
148  87  150  84  146  114  138  115  125
4  84  99
114  57  148  101  91  104  98  93  130
2  99  108
106  99  138  130  82  140  144  88  107
2  90  78
125  78  143  142  86  76  124  89  132
1  91  71
132  74  84  143  147  110  127  127  97
1  56  132
144  54  95  115  74  93  146  126  71
2  63  84
182  77  111  72  133  144  108  129  131
2  97  121
182  77  104  86  78  134  88  121  103
4  77  113
118  74  124  135  125  144  71  87  110
4  70  131
72  76  83  127  110  105  139  76  93
4  52  102
170  66  143  145  70  86  94  134  137
4  56  85
140  74  99  135  148  133  125  81  150
4  52  140
132  76  74  75  84  132  86  87  118
4  57  121
112  68  127  95  108  128  86  149  70
1  58  139
198  59  102  104  149  138  131  137  146
3  84  109
145  70  83  119  74  134  85  75  111
3  64  96
187  90  106  109  138  141  137  127  142
4  52  104
138  52  73  85  113  122  115  130  135
1  60  88
109  72  123  145  128  123  141  116  80
1  55  100
77  71  122  94  107  115  137  96  150
3  52  148
70  97  100  147  133  102  95  130  150
1  91  129
140  72  73  93  91  150  138  78  142
4  97  70
90  54  128  101  72  105  123  97  70
4  60  102
110  77  71  111  132  93  105  131  102
4  81  126
165  94  129  150  89  139  73  83  118
4  60  116
158  92  104  105  127  81  119  138  148
1  64  141
81  98  76  88  109  109  79  123  129
3  81  95
161  66  117  135  125  78  125  96  115
2  65  93
90  71  106  134  124  120  85  142  78
3  59  134
183  73  80  109  101  148  146  140  106
2  95  125
173  58  138  117  116  86  75  147  102
3  98  139
129  79  73  90  71  118  114  71  92
2  93  90
188  99  97  130  111  134  113  76  116
4  87  95
185  74  82  81  89  146  82  91  124
2  97  72
84  78  114  86  76  78  103  80  139
4  61  126
70  74  96  140  122  107  99  83  91
3  89  138
100  85  114  81  89  132  131  103  70
4  70  88
141  68  149  97  102  142  95  96  134
2  66  112
129  67  110  130  116  113  94  128  111
4  57  147
191  59  127  111  99  90  144  147  138
4  95  86
159  97  106  130  133  93  126  104  120
2  97  130
75  74  110  134  98  134  86  134  117
3  83  112
104  78  126  79  133  82  108  129  121
4  93  111
150  81  81  105  145  127  129  89  139
4  74  97
106  56  100  86  122  74  74  138  89
1  84  135
140  94  119  145  126  97  150  103  109
3  67  87
193  54  71  76  141  94  90  73  110
4  74  102
171  98  138  93  144  145  134  101  96
4  54  115
148  55  150  76  105  121  98  89  108
2  78  95
152  64  138  80  122  142  119  92  133
1  55  132
72  68  115  84  144  135  116  119  76
2  90  82
175  57  110  79  132  105  85  100  88
3  64  149
133  82  87  96  102  147  107  130  124
4  93  119
198  61  138  118  142  135  87  137  110
2  78  118
132  82  96  92  78  100  121  116  134
3  75  98
199  75  121  137  144  77  134  94  126
3  80  145
153  53  143  128  83  103  80  143  84
2  77  106
199  86  77  125  113  139  82  78  112
4  82  100
131  97  141  82  75  96  86  125  125
2  50  92
105  57  117  82  140  83  79  99  126
4  96  138
111  71  116  124  136  106  134  81  149
4  80  119
95  73  87  119  143  91  77  127  91
1  53  109
137  87  149  128  110  147  81  107  72
4  78  73
168  67  84  81  104  114  124  121  87
2  99  73
177  56  82  148  79  82  84  72  77
3  64  130
160  53  118  119  118  114  109  132  131
3  71  89
174  82  139  113  149  89  70  100  101
3  68  92
160  51  90  111  98  82  80  117  138
2  78  123
134  85  71  129  93  117  83  133  126
2  57  76
91  55  110  95  132  92  150  106  127
1  60  128
200  68  135  91  82  75  110  129  95
4  55  119
179  54  133  143  96  99  116  123  70
2  60  98
101  92  90  84  94  83  137  145  91
4  72  97
146  93  128  93  94  130  122  136  147
3  78  124
175  68  149  103  91  148  119  79  77
4  76  100
143  78  94  134  106  119  74  127  95
1  96  97
111  89  133  100  98  86  112  124  83
3  81  88
162  60  105  107  141  103  101  146  80
2  74  95
129  82  129  76  131  133  118  122  83
2  50  125
198  87  106  112  139  140  103  116  86
2  59  139
190  96  108  97  145  104  79  111  82
3  59  81
112  90  118  86  131  117  150  134  90
4  55  117
173  67  145  95  76  141  81  147  142
3  85  78
84  63  105  99  113  101  128  114  145
3  85  137
155  68  81  125  97  103  127  71  110
2  98  121
92  71  75  130  80  87  133  94  136
4  91  123
79  83  125  142  115  98  145  144  123
1  89  108
181  50  124  87  91  78  75  94  139
